---
generation: 131
last_run_time: 1297319758.262
tests:
  t/app.t:
    elapsed: 5.13835716247559
    gen: 131
    last_fail_time: 1297319689.43654
    last_pass_time: 1297319758.26075
    last_result: 0
    last_run_time: 1297319758.26075
    last_todo: 0
    mtime: 1297319496
    seq: 131
    total_failures: 100
    total_passes: 31
version: 1
...
