---
generation: 63
last_run_time: 1297047818.98696
tests:
  t/app.t:
    elapsed: 1.00937700271606
    gen: 63
    last_fail_time: 1297047818.98533
    last_pass_time: 1297046792.8322
    last_result: 1
    last_run_time: 1297047818.98533
    last_todo: 0
    mtime: 1297047664
    seq: 63
    total_failures: 53
    total_passes: 10
version: 1
...
