---
generation: 90
last_run_time: 1297141595.74123
tests:
  t/app.t:
    elapsed: 4.3713002204895
    gen: 90
    last_fail_time: 1297141520.73898
    last_pass_time: 1297141595.74018
    last_result: 0
    last_run_time: 1297141595.74018
    last_todo: 0
    mtime: 1297141589
    seq: 90
    total_failures: 72
    total_passes: 18
version: 1
...
