---
generation: 119
last_run_time: 1297310878.16294
tests:
  t/app.t:
    elapsed: 4.6782910823822
    gen: 119
    last_fail_time: 1297310862.18353
    last_pass_time: 1297310878.16173
    last_result: 0
    last_run_time: 1297310878.16173
    last_todo: 0
    mtime: 1297310872
    seq: 119
    total_failures: 93
    total_passes: 26
version: 1
...
