---
generation: 121
last_run_time: 1297310931.75294
tests:
  t/app.t:
    elapsed: 4.57603693008423
    gen: 121
    last_fail_time: 1297310862.18353
    last_pass_time: 1297310931.75166
    last_result: 0
    last_run_time: 1297310931.75166
    last_todo: 0
    mtime: 1297310872
    seq: 121
    total_failures: 93
    total_passes: 28
version: 1
...
