---
generation: 124
last_run_time: 1297311717.61272
tests:
  t/app.t:
    elapsed: 5.15939116477966
    gen: 124
    last_fail_time: 1297311624.21482
    last_pass_time: 1297311717.61168
    last_result: 0
    last_run_time: 1297311717.61168
    last_todo: 0
    mtime: 1297311577
    seq: 124
    total_failures: 94
    total_passes: 30
version: 1
...
