---
generation: 91
last_run_time: 1297141904.00044
tests:
  t/app.t:
    elapsed: 4.29813313484192
    gen: 91
    last_fail_time: 1297141520.73898
    last_pass_time: 1297141903.99937
    last_result: 0
    last_run_time: 1297141903.99937
    last_todo: 0
    mtime: 1297141894
    seq: 91
    total_failures: 72
    total_passes: 19
version: 1
...
